2.5260929678784914
0.3669544719769291
0.76821907629838315
0.69343568040184878
-0.019836616325722201
2.1965449345628172
-0.10915915714124866
-0.91262005851293582
2.4998426506446765
1.8977091071491425
-0.295362353136713
-0.68159573560818865
2.490978712962284
-0.053430597123768575
0.68761759198450512
1.2795595230267325
-0.31300747671415458
2.8130386082809586
0.31998814586184682
0.4375423763366304
2.4329393597864146
-0.42964958497032485
0.24872840099202165
2.6939368024245369
1.4671092457064865
1.0406973415596967
0.033318462857142961
1.7256814293223255
1.1494807082978171
2.1268685162715801
2.9881264899718416
1.0718660571529002
1.0848273011463605
0.26744225179946757
1.2828789405224326
0.12998561891819072
2.489806031342451
0.81842999063812216
1.5322579221726909
0.70854291571590933
1.5209142898070178
0.8875587939568188
1.5769765079797022
2.3427655103989355
-0.19127236424288627
1.7491880143184486
-0.84036905053096023
0.94618385865081289
0.91527723572292052
1.3487005464958384
2.9298637258501907
0.32320661260083339
2.0714150375141971
-0.30227466402830527
0.19228252475824997
-0.72707715462477096
0.13434746881871495
-0.07711446064542532
2.7107635582811738
4.1707462075366637
0.32576898420595601
0.20519012850165402
1.6401574882435543
-0.079583352728539891
2.7420924217799949
0.31078503888139219
2.2900423762611304
0.6599062269401198
0.51642907743125244
2.4829420282273906
1.0531887837775886
1.7152333314440895
1.2106244985526613
1.0720359456981945
0.87870658778705824
0.95126509939395398
0.42547568258470458
2.1251047903587317
0.08761478650725063
2.285264979847498
0.47080878999006798
3.6115746686569983
2.5768434261463331
1.8168251834427429
2.8920253401232658
0.91682298642163051
-0.074079101379260437
0.57429065237329202
-0.58904584319838682
2.6245779678304122
0.066332191705368748
1.6428446490667639
2.5514461535268946
1.4195370213472636
-0.71528383538492324
0.43450130004193266
2.3437305938487105
2.2627141477351471
0.95383347922207173
1.2971673104088421
1.8708997454336374
3.6378630232126707
3.5292641990586513
-0.20068316132799455
1.0769569742209977
-0.40076172263213278
-0.36877579336734084
1.6132127098558868
1.3012024248401555
1.2387699950931046
1.4860048007980515
1.0987347725524981
0.69222003331541782
1.079757234591018
-2.0733187325684463
-2.0175707384046309
1.3511035907686106
0.52869809338952822
1.7417421036938261
0.752532941165452
-0.15282240852521248
-1.2648608172963804
1.3344109882606836
1.2240541615084843
-1.4646908530242717
1.6238017649024019
-2.1692014730037732
0.48874650235909828
-1.1365390739500567
-2.3038627621875847
-0.019593015428891199
-1.5291055718558131
-0.071295170430197577
0.88023086503995485
0.013973130315264648
0.43358288536953693
1.2693169086771281
1.4321360100517206
-0.167523861886515
-0.071974367559814567
-0.3116479815091121
2.2287163788822459
-1.7769260873678312
1.0474575855363717
-0.80429385542394494
1.0583485649334616
0.061145537068732714
0.12502139270112744
-2.4774176167150244
1.4424425536598657
1.0284642888463151
-0.5823566842232073
-1.9607797127875009
2.8879470277189387
1.391351682211968
-1.7962866101434449
3.1669715507107234
-0.4872926511592589
0.50811806726445263
1.5913248216469791
1.385771563581421
0.56681731080323317
-0.37030959001169583
1.9265718141242301
-0.570429501077657
3.5031264602195447
1.5108276886319414
-0.36949334774661358
1.5223103746569846
0.056184430725967092
0.57187233831273099
0.005244683456819027
1.1266448057376794
1.9454294402109547
1.2444384420447803
-0.41444166421123407
-0.25713627951011131
1.2874218471109593
1.4362780771672303
-1.2564417094219009
1.2702896016437286
0.25888075766579433
1.5182939552985941
0.84069745091004355
-0.26475667573582001
-0.6684454800648606
1.4862477060446035
0.2594335655945349
3.5606129832319744
-1.1627630704700294
-1.0217841276173116
-1.1692586053264682
0.2054561209812682
-2.5208196765959814
0.45534177890494465
0.25675022160826921
1.9251733841286611
1.301941034529533
0.0081305559500234881
-0.19624633408740333
0.32105044573636482
0.031462098785425219
0.71748616635603912
0.77719403379832563
0.86725373797650651
-1.0230140577523219
-0.53062108003070463
1.2162163810147482
-0.41827789787031655
0.97375549776970394
0.0096731677082447787
-0.55165027823726098
1.148315275050769
0.48410246048549721
0.70500481803668824
-0.27103329005767152
1.2737473147004459
1.1677597134373956
0.017201648600588121
0.41364801248685201
-1.3143631336392043
-0.30981121895658437
0.85551987910384453
-1.9998534020399017
1.8775907185830643
-0.08518756914839859
1.9302574927239347
-0.45595914191320885
-0.91979028616656544
1.1541799963968113
0.67235066423004919
-1.6430184228882174
0.10297532419826155
0.36282637769343606
1.2769012468054879
0.54417769471979294
1.3585098879351341
0.37900041894573644
-1.0821642899419981
0.022464060865776334
-0.7428514857964974
0.88355217346844794
-0.74493360282310506
0.35847776944136023
2.4936857027186083
-0.35791592811844464
1.8817413084732411
0.073293604940955381
-0.90175935092947113
0.07045255344983159
0.73889251579954862
0.28795924273378032
-0.83041476009008841
0.88623260919754809
-0.47944654621188504
1.4573610440013081
0.9016757870174037
0.50512168450050299
0.87664479514911231
1.0798337666833908
0.34799579753206272
2.453887785122332
1.6085369491040065
0.32331197850900312
-1.6003527691547892
2.0079817366823782
0.13738974796326736
-1.2416367017070686
0.52515155784572876
-0.73717646428735994
-0.90356559382573964
-1.0147268220197208
-0.10915038664253673
-0.16520464947456087
-0.78713492328799162
-1.0958897672211638
0.18489861652098358
-0.7618471439713862
-0.73334741211540411
1.0089930392447148
0.025438551375028567
0.49053601829808691
-1.4356821323602216
-1.1617427889429466
1.6257830442134504
-0.48192075944378521
0.91970223800163597
-0.45465740942888178
0.2073235509624145
-1.406259449595697
1.5808054453632159
-0.2838785591047549
1.4181804124056394
-0.029746130214851618
1.1078835533795415
-0.064545302034349272
0.9109784736986708
0.6936015744653018
0.3260342937483125
-1.1135411696682094
0.65456444270780201
1.0391674430182114
0.95999056422481333
2.2815850464238876
-0.33073523181520992
0.58584388763082829
1.0389226996422458
1.8600809513957528
0.72579960299612223
1.0522357075760846
1.7148596629472379
0.96194800874550634
2.2552675065997567
0.74226795276437318
1.7354237740481877
2.7203767754703772
0.64970557820415709
1.647575574214494
1.357381622732881
0.80905015241235878
2.4331157476426104
1.3840688052755441
-0.29444095688165772
0.47074712504101457
2.4739221689852369
0.2409369395122592
2.0759043983999139
2.1420416814536489
2.0526862027216604
2.2074889348951205
1.8052993798675467
2.6645283114134846
1.4605434328908029
1.2428694282414001
1.2831859426272159
1.261365481405923
1.6330625781131745
0.30647507653112338
2.7751924713772724
1.4279128187678489
2.0410985160534847
0.9362233115565366
2.1088048621673257
1.0399961869312859
1.1356684489940547
1.4898296025536932
0.80142270837151819
1.1655938507600569
1.0265062045008033
1.5454766925251575
1.5509855792907901
1.7188853975601086
2.0022742420391064
0.020693004335722964
0.81372172278060573
0.77173148591998086
0.55694662672189044
0.97911049530530514
1.7572319896677935
0.21521163395304771
1.2012217036258361
-0.16610305103937423
2.8558049669193197
0.1508643525570611
1.0903140314972943
1.2239818522616708
2.4778652855152403
1.3846001800421612
0.18615613697311939
2.5192580890431571
1.5779421778016531
2.1256072345815014
0.66591239701823768
0.48108049865726338
0.85232268726190807
1.0581471782890777
1.0851839085632733
0.27258476211369559
1.1747712811199977
2.1815497665180361
1.7041398103014338
1.1700552701008207
0.36173417241909156
1.5654750210598918
1.4918324255196902
1.1039144412647757
0.91818047541705816
1.2503579251123269
1.3989888416021112
1.2509707889679518
2.4219165114302936
0.81296761869949208
2.6885575509133006
2.0150332485632734
0.40403797204279779
2.2936045750251957
0.1650526387706841
0.99219961552194136
2.2422639097692381
0.55140355929787088
